"shannon_bacteria" "Sample" "shannon_fungi" "cazyme_div_bacteria" "cazyme_div_fungi" "pcyc_div_bacteria" "pcyc_div_fungi" "ncyc_div_bacteria"
"1" 6.28076675812427 "Sample_001" 4.06336250281301 3.54651095403248 2.65716368192071 4.08588197404727 3.22184800052049 2.69064354034222
"2" 6.21376684011915 "Sample_002" 4.53059082698355 3.58370409580408 3.31668444065241 4.05438770459651 3.23316563295305 2.8228623112332
"3" 5.29817412812184 "Sample_003" 4.11731401856313 NA NA NA NA NA
"4" 5.84009554002848 "Sample_004" 4.20358338441084 NA NA NA NA NA
"5" 6.08658835559789 "Sample_005" 4.50588813296676 NA NA NA NA NA
"6" 6.25444916058575 "Sample_006" 3.97942020784512 NA NA NA NA NA
"7" 6.29396573692263 "Sample_007" 3.75361433958005 3.55175660959212 3.02558877650001 4.10524743527913 3.20778991807683 2.5736364633527
"8" 6.43882884008248 "Sample_008" 4.18882918133256 3.56676808863558 3.11205268958246 4.05853250342856 3.2245875209749 2.67403349758392
"9" 6.05586961316099 "Sample_009" 3.5161573261369 3.53475464507454 2.7614562197528 4.05307898323829 3.18497190418123 2.82708249510113
"10" 5.14008639246477 "Sample_010" 4.02354681888661 3.54333859344898 3.4508688842079 4.09046596425452 3.13265084821279 2.42386601945567
"11" 5.93105761305134 "Sample_011" 3.69767444682746 NA NA NA NA NA
"12" 6.46851936651305 "Sample_012" 2.6968133197607 NA NA NA NA NA
"13" 6.14119076328364 "Sample_013" 3.84555741826485 NA NA NA NA NA
"14" 6.30339925175721 "Sample_014" 3.81348173089338 NA NA NA NA NA
"15" 5.4118391554085 "Sample_015" 4.30574005532278 3.65995541721732 3.75632375789864 4.11843160973292 3.27697259888992 2.91847695307341
"16" 6.08716023275101 "Sample_016" 4.01250769060761 3.50310074855637 2.74267357445534 4.05408293902795 3.25842712048015 2.8414404832228
"17" 5.872237318819 "Sample_017" 4.13960168960584 3.49002582037439 3.35485421737028 4.0992389949702 3.26473891822775 2.58114201556649
"18" 5.33149100832026 "Sample_018" 3.01609270400197 3.63179574750145 3.19745702322717 4.04446127347025 3.20459556562157 2.79813874343791
"19" 4.5313288864841 "Sample_019" 3.61155299246847 NA NA NA NA NA
"20" 6.33735029816852 "Sample_020" 3.75292505207195 NA NA NA NA NA
"21" 6.08598363185632 "Sample_021" 2.42606003429459 NA NA NA NA NA
"22" 6.1147761823626 "Sample_022" 3.30090866293699 NA NA NA NA NA
"23" 5.4436003270656 "Sample_023" 3.79896112249196 NA NA NA NA NA
"24" 4.68555675328584 "Sample_024" 3.22955166359545 NA NA NA NA NA
"25" 5.98880176273129 "Sample_025" 3.90394185667732 NA NA NA NA NA
"26" 4.80683114554061 "Sample_026" 2.9515311731503 3.46756914888825 3.5835826131583 4.03666936139902 3.12025190783564 2.52852888283491
"27" 5.64888896549302 "Sample_027" 3.61105208372362 3.52794830614251 3.05349021580138 4.04637532056359 3.18219136398899 2.7856175706815
"28" 5.3948963278552 "Sample_028" 4.58205557849504 NA NA NA NA NA
"29" 4.81327974218666 "Sample_029" 2.61772649361646 NA NA NA NA NA
"30" 5.99134510077682 "Sample_030" NA NA NA NA NA NA
"31" 5.00059421535617 "Sample_031" 2.91039586089867 NA NA NA NA NA
"32" 6.25807321812731 "Sample_032" 3.37256570251343 NA NA NA NA NA
"33" 5.23578951974919 "Sample_033" 4.02699838207814 NA NA NA NA NA
"34" 6.10912800616659 "Sample_034" 3.55699217635598 NA NA NA NA NA
"35" 5.18953741324641 "Sample_035" 1.16390958864917 NA NA NA NA NA
"36" 6.55470909015555 "Sample_036" NA NA NA NA NA NA
"37" 4.55113594923205 "Sample_037" 1.93025297132011 NA NA NA NA NA
"38" 5.77921636379365 "Sample_038" 3.80930568812517 NA NA NA NA NA
"39" 5.8910978485669 "Sample_039" 3.59739604215633 NA NA NA NA NA
"40" 5.45719836099044 "Sample_040" 2.28758918373074 NA NA NA NA NA
"41" 6.2321348962551 "Sample_041" 3.61007077808489 NA NA NA NA NA
"42" 5.75423242772657 "Sample_042" 4.4672497154321 NA NA NA NA NA
"43" 5.49171548427965 "Sample_043" NA NA NA NA NA NA
"44" 5.64352944622947 "Sample_044" 4.61760416633301 NA NA NA NA NA
"45" 6.20474862134878 "Sample_045" 4.05932720233996 NA NA NA NA NA
"46" 6.2171912479328 "Sample_046" NA NA NA NA NA NA
"47" 5.68124316791173 "Sample_047" 4.13497639770546 NA NA NA NA NA
"48" 5.82840989956169 "Sample_048" 4.5784546468886 NA NA NA NA NA
"49" 5.43647506762016 "Sample_049" 3.56430742604457 3.50140549937042 3.51915686502356 4.06929522589741 3.25193648955269 2.42164970880347
"50" 6.00514548578882 "Sample_050" 3.5964488458183 3.54881231604569 2.86922884035819 4.02634561640134 3.1427864338448 2.69772806087833
"51" 5.47011221908127 "Sample_051" 3.96322602946418 NA NA NA NA NA
"52" 5.80899669213447 "Sample_052" 3.12193434493995 NA NA NA NA NA
"53" 5.58195772291017 "Sample_053" 3.85754055709208 3.51225895002689 3.2182534606396 4.05890942432204 3.26525337268582 2.55518953635636
"54" 5.71160280334579 "Sample_054" 3.05495283615783 3.44697338263325 2.56995472201324 4.01886249277112 3.17910965497349 2.96888674345451
"55" 5.43680542581852 "Sample_055" 3.78772523066261 3.49751495200884 3.33604331495425 4.08228777029131 3.12961608382015 2.44235359574495
"56" 6.0836124199094 "Sample_056" 4.10403044641707 3.4891757878613 2.56890144722954 4.03793649191757 3.14442753620112 2.87509925552708
"57" 5.89437111118568 "Sample_057" 4.43587410050081 3.54335418790163 3.18553161782825 4.07847238552964 3.10877928589172 2.48210532122767
"58" 5.38453454102724 "Sample_058" 2.62616478646723 3.41447426345515 2.69590667295119 4.03672590698755 3.15867254368686 2.63321290458901
"59" 5.22445224496422 "Sample_059" 4.02593797796393 NA NA NA NA NA
"60" 6.20170938486715 "Sample_060" 4.15806160569455 NA NA NA NA NA
"61" 5.48069776400998 "Sample_061" 4.02472764072992 3.49852456517431 3.19078669264234 4.05952454340173 3.07881643835224 2.57158515199285
"62" 6.24126776058181 "Sample_062" 2.75716825467145 3.51870220230023 3.05480887505911 4.06480432287195 3.2136720084113 2.72239089064089
"63" 6.29022423525947 "Sample_063" 3.22078428018798 NA NA NA NA NA
"64" 5.38169589405572 "Sample_064" 2.8338687405657 3.59190321703226 3.78347374359005 4.09995957327198 3.19318525979874 2.45683772735482
"65" 6.21860171927003 "Sample_065" 2.60281884371067 3.54169192712221 3.16691373847847 4.05999852064286 3.177056196044 2.72607499299408
"66" 4.94378448313013 "Sample_066" 3.75068673797868 NA NA NA NA NA
"67" 5.82181293650961 "Sample_067" NA NA NA NA NA NA
"68" 5.66352654356422 "Sample_068" 3.57147727331304 NA NA NA NA NA
"69" 5.91497523567553 "Sample_069" NA NA NA NA NA NA
"70" 5.20759097435263 "Sample_070" 3.3683107958474 NA NA NA NA NA
"71" 6.1484018012153 "Sample_071" 4.12046949493428 NA NA NA NA NA
"72" 5.1117439488261 "Sample_072" 4.13500225469095 3.42865177959816 3.55651929897043 4.04897212562589 3.20453933986773 2.42447325288158
"73" 6.03824318996121 "Sample_073" 4.41766713317518 3.39618628325389 2.45147065146919 4.02440556664502 3.00681039482334 2.75070684545098
"74" 4.47558847337707 "Sample_074" 1.6543815653551 NA NA NA NA NA
"75" 6.1064863911001 "Sample_075" 4.06501842382394 NA NA NA NA NA
"76" 4.62726645907792 "Sample_076" 2.68620342612332 3.48168013831701 4.19358390615665 4.03290020536723 3.14624216651026 2.05211524201237
"77" 4.80690201668684 "Sample_077" 3.51628025458617 3.4608833305008 3.32468673622128 4.02543817770897 3.17295655362112 2.84008720130285
"78" 4.85161790787119 "Sample_078" 2.21577290438295 3.41298393561071 3.93401990972998 3.99487447907796 3.14561779134088 2.8869276725891
"79" 6.23474208395762 "Sample_079" 4.09923448582595 3.47312247956107 2.31670412923204 4.0272240455991 3.16759273767034 2.84821178147707
"80" 4.01673824134541 "Sample_080" 2.66258565751324 3.50803587891466 3.86781677770545 4.0044717187747 3.27251946424575 2.70711430188495
"81" 3.52546266318136 "Sample_081" 2.86751353179882 3.61161736262885 4.01462228986308 4.02938315667901 3.16624029372803 2.75998121279943
"82" 4.41842748501047 "Sample_082" 3.02017582323585 NA NA NA NA NA
"83" 5.37771989333535 "Sample_083" 2.07804876692276 3.42324550301759 3.33567882340493 4.07141496895025 3.1106818448198 2.6719631398236
"84" 5.79659099537054 "Sample_084" 2.40910386396886 3.35031313503365 3.05512434769182 4.01721452161086 3.22728043670764 2.7376524686146
"85" 5.61837147403873 "Sample_085" 3.88053549325673 3.42761108968143 3.3015143733622 4.0535111307909 3.12995684391031 2.51190449290878
"86" 3.54305009832664 "Sample_086" 2.33336463241171 3.57568541456524 3.19024760900025 3.9902167211331 3.24041519083443 2.95571336167559
"87" 5.25119794101883 "Sample_087" 3.81768352399556 3.51974268372817 3.80557050533311 4.04499583766467 3.17346240623752 2.47143462778951
"88" 4.93072234403674 "Sample_089" 3.82497025964621 3.4844761868738 3.86293946966786 4.06130581481264 3.05898814158759 2.27083321847903
"89" 5.29081902435789 "Sample_090" 3.25938216916859 3.36903531538849 2.99287675351786 4.00746480805045 3.14986550562617 2.85555636489736
"90" 4.88725615191002 "Sample_091" 3.22454918279422 NA NA NA NA NA
"91" 5.99372229281857 "Sample_092" 4.11810687676063 NA NA NA NA NA
"92" 5.0156370130391 "Sample_093" 4.09418311852337 3.41737673639825 3.54625256517793 4.06135059242706 3.20798191061327 2.30589980404635
"93" 5.12668822495408 "Sample_095" 4.31908285897846 3.45259091968446 3.39383047672999 4.05129286927701 3.14148135796278 2.23530172896258
"94" 6.07620141472492 "Sample_096" 3.42353203146544 3.4883392843542 2.41729417098035 4.036154839707 3.1556917022209 3.02731386807597
"95" 4.62908086829638 "Sample_097" 2.93983189661419 NA NA NA NA NA
"96" 5.88331081701142 "Sample_098" NA NA NA NA NA NA
"97" 5.52943535814058 "Sample_099" 3.32380046684971 3.51704981085356 3.14919195073976 4.06610643428817 3.071692756923 2.62793431398287
"98" 5.55300061248347 "Sample_100" 4.44146108146302 3.52501649788762 3.28815247963529 4.03252699291156 3.28205819619693 2.65151137282934
"99" 5.55068023522506 "Sample_101" 4.15236716971351 NA NA NA NA NA
"100" 5.74844151086062 "Sample_102" 3.95419470250233 NA NA NA NA NA
"101" 5.17674953579557 "Sample_103" 4.147561443214 NA NA NA NA NA
"102" 6.03388984668582 "Sample_104" 3.74787410661943 NA NA NA NA NA
"103" 5.4136819800996 "Sample_105" 4.05770463054866 NA NA NA NA NA
"104" 5.85404803456331 "Sample_106" 4.39520284345307 NA NA NA NA NA
"105" 4.95749680983903 "Sample_107" 3.64625693038323 3.48958890896181 3.61537460817785 4.04860869619112 3.1286755593209 2.71572593662337
"106" 5.51804103689439 "Sample_108" 3.77475013211326 3.48033603263544 2.90145523371385 4.04265580275914 3.16463320449938 2.66835156179672
"107" 5.35053622859143 "Sample_109" 3.63025455268597 NA NA NA NA NA
"108" 6.11271339730109 "Sample_110" 2.88627286728915 NA NA NA NA NA
"109" 5.14876747506496 "Sample_111" 4.09120906436221 NA NA NA NA NA
"110" 6.27749694235221 "Sample_112" 4.04700342692716 NA NA NA NA NA
"111" 5.12892788903233 "Sample_113" 3.25690147936777 NA NA NA NA NA
"112" 6.528361045698 "Sample_114" 2.1016869063069 NA NA NA NA NA
"113" 5.64862948373459 "Sample_115" 3.63789652979577 NA NA NA NA NA
"114" 4.96283644109443 "Sample_116" 4.17981638849033 3.45676938492784 3.57849771660992 4.05528624143758 3.14131336969942 2.22500512491397
"115" 5.48963155507674 "Sample_117" 3.46536883155994 3.4631280554703 2.80351482231581 4.04876186206408 3.16307177410137 2.75330039692504
"116" 5.03363085844213 "Sample_118" 3.86839354415919 3.50492565294971 3.44988184545038 4.07737765709299 3.19811371409798 2.59358457105534
"117" 6.00853309233932 "Sample_119" 4.21933682066578 3.49095158113554 3.21615825569614 4.03261811978161 3.18433494581057 2.72729132085997
"118" 5.89304637303078 "Sample_120" 3.40582667498264 3.5263934232225 3.01421579867997 4.0361202807034 3.19673929728356 2.62820226986434
"119" 5.57403904523236 "Sample_121" NA 3.45871780696807 2.83190345479908 4.01285246166738 3.16761379602175 2.90738404348416
"120" 5.10489108960079 "Sample_122" 1.13043095703415 NA NA NA NA NA
"121" 5.32855261509569 "Sample_123" 2.23942614421138 NA NA NA NA NA
"122" 5.22526963906908 "Sample_124" 3.03358736070864 NA NA NA NA NA
"123" 6.12154470656131 "Sample_125" 3.82354690746147 NA NA NA NA NA
"124" 6.01672926150602 "Sample_126" 4.02805793126436 3.5457415952696 3.25327464051239 4.0833643275501 3.27415907570205 2.6291626606672
"125" 6.36269222427713 "Sample_127" 3.66497682892211 3.49235452760008 2.70816336241992 4.03690297906479 3.12064423328279 2.83180482304333
"126" 4.94633863424494 "Sample_128" 3.76818332867192 3.45408695383154 3.30078996765654 4.04422255181343 3.12554006068014 2.29361830657763
"127" 6.06852127121476 "Sample_129" 3.57844828479749 3.50558544882734 3.13775947684422 4.02340558616108 3.1236508732908 2.73736009915856
"128" 5.34592058265513 "Sample_130" 3.97307300700125 3.42319220271626 3.45494032332001 4.01954761013925 3.21233085714896 2.47824098569086
"129" 6.19034635615644 "Sample_131" 3.76027960199775 3.51052857093995 3.04107239740749 4.05543248218822 3.14675204760134 2.78348484778216
"130" 5.44878552651943 "Sample_132" NA NA NA NA NA NA
"131" 6.09666592995205 "Sample_133" 3.81814488293017 NA NA NA NA NA
"132" 4.29839975396626 "Sample_134" 3.19602987340448 NA NA NA NA NA
"133" 6.02416809291566 "Sample_135" NA NA NA NA NA NA
"134" 5.43433442911671 "Sample_136" NA 3.47324493818516 3.88249959228704 4.01491809738775 3.19137604241569 2.64742422539219
"135" 5.72904201579162 "Sample_137" 3.82763532621851 3.41714020480156 2.40672705620202 4.02058378571509 3.10747852775344 2.89572449253457
"136" 4.29703700055373 "Sample_138" 1.06432455448605 3.46083977128564 4.25150458909623 4.01101858896705 3.15439575269201 2.11138986398932
"137" 5.425512076308 "Sample_139" 3.40419269870582 3.46813537206305 2.67125396632648 4.0386622067759 3.2414482865285 2.63490913880853
"138" 6.14030528428383 "Sample_140" 3.76048329207877 NA NA NA NA NA
"139" 6.440001676136 "Sample_141" 3.53780754218632 NA NA NA NA NA
"140" 5.738773449294 "Sample_142" 3.96358831835834 NA NA NA NA NA
"141" 6.21005534580675 "Sample_143" 2.84737848215053 3.53390364708402 3.11361334622898 4.06473811679593 3.20576554991593 2.83982183631271
"142" 5.82822128991599 "Sample_144" NA 3.53752351922354 3.3707907965688 4.04422933346616 3.26947341489694 2.78536223432883
"143" 5.45480735325764 "Sample_145" 3.41126083806915 3.3925068123511 2.96396807241288 4.05775829908749 3.14959059703323 2.47827796917877
"144" 5.26624035846518 "Sample_147" NA NA NA NA NA NA
"145" 4.81626639015617 "Sample_148" NA NA NA NA NA NA
"146" 5.5963776247182 "Sample_149" 1.83264823008197 3.51904161558601 3.28808664956007 4.06600541700879 3.19132065623442 2.54261706178289
"147" 6.19607474134401 "Sample_150" 3.7272021277909 3.54860142467008 2.87458113751841 4.04988076256484 3.16615774506761 2.95999127302357
"148" 5.67664250731452 "Sample_151" 3.75180914066957 3.43762776363562 3.47229014376786 4.04464422457112 3.23144432232715 2.36837599811024
"149" 6.09824048574174 "Sample_152" 2.9834284023168 3.55309660805056 2.91393031603685 4.05355428852548 3.26307112076738 2.97556358114742
"150" 5.27654208355432 "Sample_153" 3.97323420167377 NA NA NA NA NA
"151" 5.84312859903315 "Sample_154" 2.26497877443961 NA NA NA NA NA
"152" 4.97114617158654 "Sample_155" 2.89566917570872 3.48206544553399 3.6907049083423 4.06236799973562 3.23177289521039 2.47146930077071
"153" 5.44127860577771 "Sample_156" 4.05997307476411 3.45949453312781 3.36127682124014 4.06044070985633 3.24250325559361 2.60936666054183
"154" 5.39557106090713 "Sample_157" 4.36551331518216 3.493123738445 3.22304619656282 4.08732629855904 3.17051781371142 2.67551240228391
"155" 6.05677405790638 "Sample_158" 3.37948624026596 3.54479035454342 3.15312759969226 4.059044978504 3.24301008787161 2.74800458250639
"156" 5.32207802956511 "Sample_159" NA 3.50754694876647 3.14507210364444 4.05076432062101 3.16266674157836 2.52624628304937
"157" 6.06311202314946 "Sample_160" 3.00998865810669 3.54206424522655 3.03730161863938 4.05800888638112 3.15075554822517 2.65357787349944
"158" 5.28929154090066 "Sample_161" 2.90866648876859 NA NA NA NA NA
"159" 5.99175156103895 "Sample_162" 4.3884728738676 NA NA NA NA NA
"160" 4.48376410706026 "Sample_163" 1.80484607882017 NA NA NA NA NA
"161" 6.0906272371463 "Sample_164" 3.71412425479207 NA NA NA NA NA
"162" 5.96752320854147 "Sample_165" 3.54406920712647 NA NA NA NA NA
"163" 5.40553834758046 "Sample_166" 3.39188527539183 NA NA NA NA NA
"164" 4.8982968656534 "Sample_167" 1.49042416796869 3.50675243209216 3.24023573197594 4.0334538743103 3.08635723694397 2.66148696886579
"165" 5.94527629452164 "Sample_168" 4.16855420570343 3.55328491378214 2.98425068111708 4.05439220425439 3.25421809434977 2.81329756007568
"166" 4.99827307769792 "Sample_169" 3.94595650487074 NA NA NA NA NA
"167" 6.09300887626525 "Sample_170" 3.82423558985282 3.49193189959709 2.9309758633526 4.06553778111854 3.25511752703506 2.73617881211029
"168" 5.36088596289305 "Sample_171" 2.23622444631967 NA NA NA NA NA
"169" 5.92189687589302 "Sample_172" 3.66637906562609 NA NA NA NA NA
"170" 6.18964122258821 "Sample_173" 3.56561744625758 NA NA NA NA NA
"171" 5.37983481363495 "Sample_174" 3.75949925283481 NA NA NA NA NA
"172" 4.96419039795394 "Sample_175" 2.96530210291198 NA NA NA NA NA
"173" 5.78266403167087 "Sample_176" NA NA NA NA NA NA
"174" 5.71046898233789 "Sample_177" 3.61424510212918 NA NA NA NA NA
"175" 6.21778082246878 "Sample_178" 4.38966671527568 NA NA NA NA NA
"176" 6.07026254038472 "Sample_179" NA NA NA NA NA NA
"177" 4.91692484711222 "Sample_180" 3.28640566632473 3.46728231924497 3.4876343020042 4.04266739898551 3.14289858273729 2.56132703037187
"178" 5.53989430656424 "Sample_181" 4.45441736385957 3.54023649398884 3.58340230976228 4.05829043207023 3.22172759442424 2.46953464729425
"179" 5.25980485499103 "Sample_182" 2.72283900176576 3.41953949202106 3.19943185598801 4.05450384995617 3.20418300768402 2.37983430785443
"180" 5.94987857593377 "Sample_183" NA 3.50856436211244 2.93423970704821 4.06228323172067 3.21705355428507 2.7334184135776
"181" 5.5694464808965 "Sample_184" NA NA NA NA NA NA
"182" 6.34313145259141 "Sample_185" 3.76853198414857 NA NA NA NA NA
"183" 4.84003309901368 "Sample_186" 3.3430047878627 NA NA NA NA NA
"184" 5.14434072380945 "Sample_187" 3.19485696067318 NA NA NA NA NA
"185" 4.92382315692228 "Sample_189" 4.13508737993286 NA NA NA NA NA
"186" 5.74438834247121 "Sample_190" 3.9257134602782 NA NA NA NA NA
"187" 4.76729543511285 "Sample_191" 3.2041526027037 NA NA NA NA NA
"188" 5.33028243692003 "Sample_193" 3.87906360498728 NA NA NA NA NA
"189" 6.07192562889654 "Sample_194" NA NA NA NA NA NA
"190" 6.40823049067846 "Sample_195" 2.49125221777597 NA NA NA NA NA
"191" 4.32683283904113 "Sample_197" 2.59456206891236 3.50086247623078 3.76159081556126 4.03784639132262 3.1445786843794 2.01200046145237
"192" 5.56849555517889 "Sample_198" 3.86673430543359 3.52544360398043 3.19378871047089 4.06855718074818 3.15998350156584 2.73996426324855
"193" 4.63451084424678 "Sample_199" 3.52071393699828 3.47806090682097 3.607529347031 4.04922698755102 3.15395115914589 2.17566852173833
"194" 6.34931120662234 "Sample_200" 4.26180391836455 3.57044965602088 2.87014161391276 4.04861704433995 3.25260091781877 2.72072338214376
"195" 5.24222325444193 "Sample_201" 3.93459269945401 3.5640662001558 3.67046815394554 4.05223296254449 3.22415283556981 2.126693729357
"196" 5.62905498730965 "Sample_202" 4.29408484611714 3.52267537806592 2.84698344225994 4.03990893366183 3.15155580123105 2.54975795676742
"197" 5.24900608445696 "Sample_203" 2.84680363649394 NA NA NA NA NA
"198" 6.22076568833209 "Sample_204" 3.65849626352438 NA NA NA NA NA
"199" 5.72831759555823 "Sample_205" 3.80197962055963 3.49674469684747 3.36272820744007 4.07550711095424 3.19378248668104 2.47948302939168
"200" 5.83788088475808 "Sample_206" 4.01550242704504 3.49435322964307 3.0777583884954 4.05082504096133 3.23457044983044 2.70908744666847
"201" 5.3183620457679 "Sample_207" 2.01420645038467 NA NA NA NA NA
"202" 5.7531553449163 "Sample_208" 4.22152480538061 NA NA NA NA NA
"203" 4.9981604653918 "Sample_209" 1.46223070793546 3.46767258461001 3.59493660600225 4.07074752957425 3.23986685890267 2.39108456434759
"204" 5.74399306542605 "Sample_210" 3.72222502224066 3.47326798044216 3.00028041615107 4.05316462856798 3.26296403456448 2.70925492588563
